   3   1   1 E -2.2658805862425E+03 DE-1.8E-12(  9)
  0.418923252651E-01  0.279282168434E+01  0.279282168434E+01
  0.279282168434E+01  0.412732268622E-01  0.279282168434E+01
  0.275216755588E+01  0.275154845748E+01  0.825464537244E-01
    1
  0.100000000000E+01  0.000000000000E+00 -0.000000000000E+00
  0.000000000000E+00  0.100000000000E+01 -0.000000000000E+00
  0.000000000000E+00 -0.000000000000E+00  0.100000000000E+01
  0.000000000000E+00  0.000000000000E+00  0.000000000000E+00
    2
   31      0.010978049648      0.011175305687     -0.000758928091
   15      1.385742341724      1.385235536483      1.417806383692
    0    0
