   3   1   1 E -2.2658805701316E+03 DE-9.1E-13(  9)
  0.418923252651E-01  0.279282168434E+01  0.279282168434E+01
  0.279282168434E+01  0.412732268622E-01  0.279282168434E+01
  0.275216755588E+01  0.275154845748E+01  0.825464537244E-01
    1
  0.100000000000E+01  0.000000000000E+00 -0.000000000000E+00
  0.000000000000E+00  0.100000000000E+01 -0.000000000000E+00
  0.000000000000E+00 -0.000000000000E+00  0.100000000000E+01
  0.000000000000E+00  0.000000000000E+00  0.000000000000E+00
    2
   31      0.010865051535      0.015720573224     -0.001428927256
   15      1.385855339837      1.380690268946      1.418476382857
    0    0
