   3   1   1 E -2.2659465565177E+03 DE-7.3E-12( 10)
  0.000000000000E+00  0.277257140306E+01  0.277257140306E+01
  0.273159744144E+01  0.409739616216E-01  0.273159744144E+01
  0.273159744144E+01  0.273159744144E+01  0.409739616216E-01
    4
  0.100000000000E+01  0.000000000000E+00 -0.000000000000E+00
  0.000000000000E+00  0.100000000000E+01 -0.000000000000E+00
  0.000000000000E+00 -0.000000000000E+00  0.100000000000E+01
  0.000000000000E+00  0.000000000000E+00  0.000000000000E+00
  0.100000000000E+01 -0.000000000000E+00  0.000000000000E+00
  0.000000000000E+00 -0.100000000000E+01  0.000000000000E+00
  0.000000000000E+00  0.000000000000E+00 -0.100000000000E+01
  0.000000000000E+00  0.000000000000E+00  0.000000000000E+00
  0.100000000000E+01 -0.000000000000E+00  0.000000000000E+00
  0.000000000000E+00 -0.000000000000E+00  0.100000000000E+01
  0.000000000000E+00  0.100000000000E+01 -0.000000000000E+00
  0.000000000000E+00  0.000000000000E+00  0.000000000000E+00
  0.100000000000E+01  0.000000000000E+00 -0.000000000000E+00
  0.000000000000E+00  0.000000000000E+00 -0.100000000000E+01
  0.000000000000E+00 -0.100000000000E+01  0.000000000000E+00
  0.000000000000E+00  0.000000000000E+00  0.000000000000E+00
    2
   31      0.000000000000      0.000000000000      0.000000000000
   15      1.365798720720      1.386285701531      1.386285701531
    0    0
