3   1   1						      |	   3   5   6 E -2.2645210515220E+03 DE 1.2E-10(  3)
0.0000000 2.71061337389 2.71061337389			      |	  0.000000000000E+00  0.271061337389E+01  0.271061337389E+01
2.71061337389 0.0000000 2.71061337389			      |	  0.271061337389E+01  0.000000000000E+00  0.271061337389E+01
2.71061337389 2.71061337389 0.000000000			      |	  0.271061337389E+01  0.271061337389E+01  0.000000000000E+00
24							      |	   24
1.000000000000E+00 0.000000000000E+00 0.000000000000E+00      |	  0.100000000000E+01  0.000000000000E+00  0.000000000000E+00
0.000000000000E+00 1.000000000000E+00 0.000000000000E+00      |	  0.000000000000E+00  0.100000000000E+01  0.000000000000E+00
0.000000000000E+00 0.000000000000E+00 1.000000000000E+00      |	  0.000000000000E+00  0.000000000000E+00  0.100000000000E+01
0.000000000000E+00 0.000000000000E+00 0.000000000000E+00      |	  0.000000000000E+00  0.000000000000E+00  0.000000000000E+00
-1.000000000000E+00 0.000000000000E+00 0.000000000000E+00     |	 -0.100000000000E+01  0.000000000000E+00  0.000000000000E+00
0.000000000000E+00 -1.000000000000E+00 0.000000000000E+00     |	  0.000000000000E+00 -0.100000000000E+01  0.000000000000E+00
0.000000000000E+00 0.000000000000E+00 1.000000000000E+00      |	  0.000000000000E+00  0.000000000000E+00  0.100000000000E+01
0.000000000000E+00 0.000000000000E+00 0.000000000000E+00      |	  0.000000000000E+00  0.000000000000E+00  0.000000000000E+00
1.000000000000E+00 0.000000000000E+00 0.000000000000E+00      |	  0.100000000000E+01  0.000000000000E+00  0.000000000000E+00
0.000000000000E+00 -1.000000000000E+00 0.000000000000E+00     |	  0.000000000000E+00 -0.100000000000E+01  0.000000000000E+00
0.000000000000E+00 0.000000000000E+00 -1.000000000000E+00     |	  0.000000000000E+00  0.000000000000E+00 -0.100000000000E+01
0.000000000000E+00 0.000000000000E+00 0.000000000000E+00      |	  0.000000000000E+00  0.000000000000E+00  0.000000000000E+00
-1.000000000000E+00 0.000000000000E+00 0.000000000000E+00     |	 -0.100000000000E+01  0.000000000000E+00  0.000000000000E+00
0.000000000000E+00 1.000000000000E+00 0.000000000000E+00      |	  0.000000000000E+00  0.100000000000E+01  0.000000000000E+00
0.000000000000E+00 0.000000000000E+00 -1.000000000000E+00     |	  0.000000000000E+00  0.000000000000E+00 -0.100000000000E+01
0.000000000000E+00 0.000000000000E+00 0.000000000000E+00      |	  0.000000000000E+00  0.000000000000E+00  0.000000000000E+00
0.000000000000E+00 0.000000000000E+00 1.000000000000E+00      |	  0.000000000000E+00  0.000000000000E+00  0.100000000000E+01
1.000000000000E+00 0.000000000000E+00 0.000000000000E+00      |	  0.100000000000E+01  0.000000000000E+00  0.000000000000E+00
0.000000000000E+00 1.000000000000E+00 0.000000000000E+00      |	  0.000000000000E+00  0.100000000000E+01  0.000000000000E+00
0.000000000000E+00 0.000000000000E+00 0.000000000000E+00      |	  0.000000000000E+00  0.000000000000E+00  0.000000000000E+00
0.000000000000E+00 1.000000000000E+00 0.000000000000E+00      |	  0.000000000000E+00  0.100000000000E+01  0.000000000000E+00
0.000000000000E+00 0.000000000000E+00 1.000000000000E+00      |	  0.000000000000E+00  0.000000000000E+00  0.100000000000E+01
1.000000000000E+00 0.000000000000E+00 0.000000000000E+00      |	  0.100000000000E+01  0.000000000000E+00  0.000000000000E+00
0.000000000000E+00 0.000000000000E+00 0.000000000000E+00      |	  0.000000000000E+00  0.000000000000E+00  0.000000000000E+00
0.000000000000E+00 0.000000000000E+00 -1.000000000000E+00     |	  0.000000000000E+00  0.000000000000E+00 -0.100000000000E+01
-1.000000000000E+00 0.000000000000E+00 0.000000000000E+00     |	 -0.100000000000E+01  0.000000000000E+00  0.000000000000E+00
0.000000000000E+00 1.000000000000E+00 0.000000000000E+00      |	  0.000000000000E+00  0.100000000000E+01  0.000000000000E+00
0.000000000000E+00 0.000000000000E+00 0.000000000000E+00      |	  0.000000000000E+00  0.000000000000E+00  0.000000000000E+00
0.000000000000E+00 -1.000000000000E+00 0.000000000000E+00     |	  0.000000000000E+00 -0.100000000000E+01  0.000000000000E+00
0.000000000000E+00 0.000000000000E+00 1.000000000000E+00      |	  0.000000000000E+00  0.000000000000E+00  0.100000000000E+01
-1.000000000000E+00 0.000000000000E+00 0.000000000000E+00     |	 -0.100000000000E+01  0.000000000000E+00  0.000000000000E+00
0.000000000000E+00 0.000000000000E+00 0.000000000000E+00      |	  0.000000000000E+00  0.000000000000E+00  0.000000000000E+00
0.000000000000E+00 0.000000000000E+00 1.000000000000E+00      |	  0.000000000000E+00  0.000000000000E+00  0.100000000000E+01
-1.000000000000E+00 0.000000000000E+00 0.000000000000E+00     |	 -0.100000000000E+01  0.000000000000E+00  0.000000000000E+00
0.000000000000E+00 -1.000000000000E+00 0.000000000000E+00     |	  0.000000000000E+00 -0.100000000000E+01  0.000000000000E+00
0.000000000000E+00 0.000000000000E+00 0.000000000000E+00      |	  0.000000000000E+00  0.000000000000E+00  0.000000000000E+00
0.000000000000E+00 -1.000000000000E+00 0.000000000000E+00     |	  0.000000000000E+00 -0.100000000000E+01  0.000000000000E+00
0.000000000000E+00 0.000000000000E+00 -1.000000000000E+00     |	  0.000000000000E+00  0.000000000000E+00 -0.100000000000E+01
1.000000000000E+00 0.000000000000E+00 0.000000000000E+00      |	  0.100000000000E+01  0.000000000000E+00  0.000000000000E+00
0.000000000000E+00 0.000000000000E+00 0.000000000000E+00      |	  0.000000000000E+00  0.000000000000E+00  0.000000000000E+00
0.000000000000E+00 0.000000000000E+00 -1.000000000000E+00     |	  0.000000000000E+00  0.000000000000E+00 -0.100000000000E+01
1.000000000000E+00 0.000000000000E+00 0.000000000000E+00      |	  0.100000000000E+01  0.000000000000E+00  0.000000000000E+00
0.000000000000E+00 -1.000000000000E+00 0.000000000000E+00     |	  0.000000000000E+00 -0.100000000000E+01  0.000000000000E+00
0.000000000000E+00 0.000000000000E+00 0.000000000000E+00      |	  0.000000000000E+00  0.000000000000E+00  0.000000000000E+00
0.000000000000E+00 1.000000000000E+00 0.000000000000E+00      |	  0.000000000000E+00  0.100000000000E+01  0.000000000000E+00
0.000000000000E+00 0.000000000000E+00 -1.000000000000E+00     |	  0.000000000000E+00  0.000000000000E+00 -0.100000000000E+01
-1.000000000000E+00 0.000000000000E+00 0.000000000000E+00     |	 -0.100000000000E+01  0.000000000000E+00  0.000000000000E+00
0.000000000000E+00 0.000000000000E+00 0.000000000000E+00      |	  0.000000000000E+00  0.000000000000E+00  0.000000000000E+00
0.000000000000E+00 1.000000000000E+00 0.000000000000E+00      |	  0.000000000000E+00  0.100000000000E+01  0.000000000000E+00
1.000000000000E+00 0.000000000000E+00 0.000000000000E+00      |	  0.100000000000E+01  0.000000000000E+00  0.000000000000E+00
0.000000000000E+00 0.000000000000E+00 1.000000000000E+00      |	  0.000000000000E+00  0.000000000000E+00  0.100000000000E+01
0.000000000000E+00 0.000000000000E+00 0.000000000000E+00      |	  0.000000000000E+00  0.000000000000E+00  0.000000000000E+00
0.000000000000E+00 -1.000000000000E+00 0.000000000000E+00     |	  0.000000000000E+00 -0.100000000000E+01  0.000000000000E+00
-1.000000000000E+00 0.000000000000E+00 0.000000000000E+00     |	 -0.100000000000E+01  0.000000000000E+00  0.000000000000E+00
0.000000000000E+00 0.000000000000E+00 1.000000000000E+00      |	  0.000000000000E+00  0.000000000000E+00  0.100000000000E+01
0.000000000000E+00 0.000000000000E+00 0.000000000000E+00      |	  0.000000000000E+00  0.000000000000E+00  0.000000000000E+00
0.000000000000E+00 -1.000000000000E+00 0.000000000000E+00     |	  0.000000000000E+00 -0.100000000000E+01  0.000000000000E+00
1.000000000000E+00 0.000000000000E+00 0.000000000000E+00      |	  0.100000000000E+01  0.000000000000E+00  0.000000000000E+00
0.000000000000E+00 0.000000000000E+00 -1.000000000000E+00     |	  0.000000000000E+00  0.000000000000E+00 -0.100000000000E+01
0.000000000000E+00 0.000000000000E+00 0.000000000000E+00      |	  0.000000000000E+00  0.000000000000E+00  0.000000000000E+00
0.000000000000E+00 1.000000000000E+00 0.000000000000E+00      |	  0.000000000000E+00  0.100000000000E+01  0.000000000000E+00
-1.000000000000E+00 0.000000000000E+00 0.000000000000E+00     |	 -0.100000000000E+01  0.000000000000E+00  0.000000000000E+00
0.000000000000E+00 0.000000000000E+00 -1.000000000000E+00     |	  0.000000000000E+00  0.000000000000E+00 -0.100000000000E+01
0.000000000000E+00 0.000000000000E+00 0.000000000000E+00      |	  0.000000000000E+00  0.000000000000E+00  0.000000000000E+00
1.000000000000E+00 0.000000000000E+00 0.000000000000E+00      |	  0.100000000000E+01  0.000000000000E+00  0.000000000000E+00
0.000000000000E+00 0.000000000000E+00 1.000000000000E+00      |	  0.000000000000E+00  0.000000000000E+00  0.100000000000E+01
0.000000000000E+00 1.000000000000E+00 0.000000000000E+00      |	  0.000000000000E+00  0.100000000000E+01  0.000000000000E+00
0.000000000000E+00 0.000000000000E+00 0.000000000000E+00      |	  0.000000000000E+00  0.000000000000E+00  0.000000000000E+00
0.000000000000E+00 0.000000000000E+00 1.000000000000E+00      |	  0.000000000000E+00  0.000000000000E+00  0.100000000000E+01
0.000000000000E+00 1.000000000000E+00 0.000000000000E+00      |	  0.000000000000E+00  0.100000000000E+01  0.000000000000E+00
1.000000000000E+00 0.000000000000E+00 0.000000000000E+00      |	  0.100000000000E+01  0.000000000000E+00  0.000000000000E+00
0.000000000000E+00 0.000000000000E+00 0.000000000000E+00      |	  0.000000000000E+00  0.000000000000E+00  0.000000000000E+00
-1.000000000000E+00 0.000000000000E+00 0.000000000000E+00     |	 -0.100000000000E+01  0.000000000000E+00  0.000000000000E+00
0.000000000000E+00 0.000000000000E+00 -1.000000000000E+00     |	  0.000000000000E+00  0.000000000000E+00 -0.100000000000E+01
0.000000000000E+00 1.000000000000E+00 0.000000000000E+00      |	  0.000000000000E+00  0.100000000000E+01  0.000000000000E+00
0.000000000000E+00 0.000000000000E+00 0.000000000000E+00      |	  0.000000000000E+00  0.000000000000E+00  0.000000000000E+00
0.000000000000E+00 0.000000000000E+00 1.000000000000E+00      |	  0.000000000000E+00  0.000000000000E+00  0.100000000000E+01
0.000000000000E+00 -1.000000000000E+00 0.000000000000E+00     |	  0.000000000000E+00 -0.100000000000E+01  0.000000000000E+00
-1.000000000000E+00 0.000000000000E+00 0.000000000000E+00     |	 -0.100000000000E+01  0.000000000000E+00  0.000000000000E+00
0.000000000000E+00 0.000000000000E+00 0.000000000000E+00      |	  0.000000000000E+00  0.000000000000E+00  0.000000000000E+00
-1.000000000000E+00 0.000000000000E+00 0.000000000000E+00     |	 -0.100000000000E+01  0.000000000000E+00  0.000000000000E+00
0.000000000000E+00 0.000000000000E+00 1.000000000000E+00      |	  0.000000000000E+00  0.000000000000E+00  0.100000000000E+01
0.000000000000E+00 -1.000000000000E+00 0.000000000000E+00     |	  0.000000000000E+00 -0.100000000000E+01  0.000000000000E+00
0.000000000000E+00 0.000000000000E+00 0.000000000000E+00      |	  0.000000000000E+00  0.000000000000E+00  0.000000000000E+00
0.000000000000E+00 0.000000000000E+00 -1.000000000000E+00     |	  0.000000000000E+00  0.000000000000E+00 -0.100000000000E+01
0.000000000000E+00 -1.000000000000E+00 0.000000000000E+00     |	  0.000000000000E+00 -0.100000000000E+01  0.000000000000E+00
1.000000000000E+00 0.000000000000E+00 0.000000000000E+00      |	  0.100000000000E+01  0.000000000000E+00  0.000000000000E+00
0.000000000000E+00 0.000000000000E+00 0.000000000000E+00      |	  0.000000000000E+00  0.000000000000E+00  0.000000000000E+00
1.000000000000E+00 0.000000000000E+00 0.000000000000E+00      |	  0.100000000000E+01  0.000000000000E+00  0.000000000000E+00
0.000000000000E+00 0.000000000000E+00 -1.000000000000E+00     |	  0.000000000000E+00  0.000000000000E+00 -0.100000000000E+01
0.000000000000E+00 -1.000000000000E+00 0.000000000000E+00     |	  0.000000000000E+00 -0.100000000000E+01  0.000000000000E+00
0.000000000000E+00 0.000000000000E+00 0.000000000000E+00      |	  0.000000000000E+00  0.000000000000E+00  0.000000000000E+00
0.000000000000E+00 0.000000000000E+00 -1.000000000000E+00     |	  0.000000000000E+00  0.000000000000E+00 -0.100000000000E+01
0.000000000000E+00 1.000000000000E+00 0.000000000000E+00      |	  0.000000000000E+00  0.100000000000E+01  0.000000000000E+00
-1.000000000000E+00 0.000000000000E+00 0.000000000000E+00     |	 -0.100000000000E+01  0.000000000000E+00  0.000000000000E+00
2							      |	  0.000000000000E+00  0.000000000000E+00  0.000000000000E+00
31 0.0000000 0.00000000 0.0000000000000			      |	    2
15 1.355306686943 -1.355306686943 -1.355306686943	      |	   31      0.000000000000      0.000000000000      0.00000000
216 24							      |	   15      1.355306686943     -1.355306686943     -1.35530668
							      >	  216   24
